258 3
246 5
236 7
216 12
195 19
185 23
176 27
154 38
147 42
142 45
130 53
119 61
115 64
103 74
94 82
81 95
73 104
68 110
60 120
51 133
44 144
38 154
26 178
21 190
19 195
12 216
7 236
4 252
3 258
2 266
1 276
1 324
5 354
7 364
11 380
13 387
18 402
21 410
27 424
38 446
42 453
47 461
53 470
60 480
73 496
83 507
94 518
104 527
110 532
115 536
127 545
142 555
147 558
154 562
176 573
185 577
195 581
216 588
236 593
246 595
252 596
259 597
276 599
300 600
324 599
334 598
342 597
348 596
359 594
364 593
380 589
387 587
405 581
410 579
424 573
446 562
451 559
464 551
481 539
491 531
498 525
508 516
515 509
525 498
532 490
540 480
547 470
551 464
558 453
562 446
573 424
576 417
581 405
588 384
589 380
595 354
597 342
599 324
599 276
598 266
597 258
595 246
593 236
588 216
581 195
574 178
563 156
559 149
553 139
547 130
539 119
532 110
527 104
519 95
510 86
496 73
490 68
480 60
473 55
467 51
453 42
444 37
422 26
415 23
402 18
384 12
364 7
354 5
342 3
334 2
323 1
276 1