1 324
1 276
2 266
3 258
4 252
7 236
12 216
19 195
21 190
26 178
38 154
44 144
51 133
60 120
68 110
73 104
81 95
94 82
103 74
115 64
119 61
130 53
142 45
147 42
154 38
176 27
185 23
195 19
216 12
236 7
246 5
258 3
276 1
323 1
334 2
342 3
354 5
364 7
384 12
402 18
415 23
422 26
444 37
453 42
467 51
473 55
480 60
490 68
496 73
510 86
519 95
527 104
532 110
539 119
547 130
553 139
559 149
563 156
574 178
581 195
588 216
593 236
595 246
597 258
598 266
599 276
599 324
597 342
595 354
589 380
588 384
581 405
576 417
573 424
562 446
558 453
551 464
547 470
540 480
532 490
525 498
515 509
508 516
498 525
491 531
481 539
464 551
451 559
446 562
424 573
410 579
405 581
387 587
380 589
364 593
359 594
348 596
342 597
334 598
324 599
300 600
276 599
259 597
252 596
246 595
236 593
216 588
195 581
185 577
176 573
154 562
147 558
142 555
127 545
115 536
110 532
104 527
94 518
83 507
73 496
60 480
53 470
47 461
42 453
38 446
27 424
21 410
18 402
13 387
11 380
7 364
5 354
1 324