0 300
1 276
2 266
3 258
5 246
6 241
7 236
12 216
18 198
19 195
21 190
23 185
26 178
31 168
37 156
38 154
42 147
45 142
53 130
55 127
60 120
68 110
73 104
81 95
83 93
87 89
89 87
94 82
95 81
104 73
110 68
120 60
127 55
136 49
139 47
142 45
147 42
154 38
174 28
176 27
178 26
185 23
190 21
195 19
204 16
210 14
213 13
216 12
232 8
236 7
246 5
258 3
266 2
276 1
300 0
324 1
334 2
342 3
348 4
354 5
364 7
376 10
380 11
384 12
399 17
405 19
415 23
422 26
444 37
446 38
453 42
458 45
464 49
473 55
480 60
485 64
490 68
496 73
505 81
519 95
527 104
532 110
540 120
545 127
549 133
551 136
555 142
558 147
562 154
571 172
574 178
577 185
579 190
581 195
584 204
586 210
588 216
589 220
592 232
593 236
594 241
595 246
596 252
597 258
598 266
599 276
599 324
598 334
597 342
596 348
595 354
594 359
593 364
591 372
590 376
588 384
586 390
585 393
584 396
581 405
579 410
577 415
574 422
562 446
558 453
555 458
549 467
547 470
545 473
540 480
532 490
527 496
519 505
509 515
506 518
505 519
496 527
490 532
480 540
473 545
470 547
467 549
464 551
458 555
453 558
446 562
444 563
442 564
430 570
424 573
422 574
415 577
405 581
384 588
364 593
359 594
354 595
342 597
334 598
324 599
300 600
276 599
266 598
258 597
246 595
236 593
224 590
216 588
201 583
195 581
185 577
178 574
170 570
158 564
156 563
154 562
147 558
142 555
133 549
130 547
127 545
120 540
115 536
110 532
104 527
95 519
93 517
88 512
83 507
81 505
73 496
68 490
64 485
60 480
55 473
51 467
45 458
42 453
38 446
35 440
29 428
26 422
23 415
19 405
16 396
13 387
12 384
8 368
7 364
6 359
5 354
4 348
3 342
2 334
1 324