169 546
93 292
313 392
368 40
343 37
156 540
213 575
78 472
243 589
258 594
300 597
324 597
37 427
19 347
18 321
354 591
536 466
575 383
581 237
211 35
217 32
129 80
269 12
301 6
24 210
315 9
406 36
465 93
533 164
572 214
168 562
90 501
190 572
223 585
263 594
270 595
51 441
61 460
13 359
71 476
8 318
8 293
445 555
389 580
486 527
347 591
311 596
537 476
592 325
593 315
178 39
239 10
101 87
297 2
309 2
54 152
38 177
12 236
494 83
422 33
522 106
401 26
352 12
560 174
567 200
587 276
154 558
204 581
131 542
117 531
99 515
78 496
212 584
258 595
293 598
316 598
61 478
40 445
23 399
26 409
9 350
7 340
3 304
459 552
518 499
374 587
406 576
368 589
334 596
539 472
568 422
533 481
528 488
586 374
594 341
596 303
163 38
130 56
198 20
102 81
79 104
217 14
249 7
269 4
287 2
38 162
49 142
32 175
23 198
61 126
8 249
12 234
5 263
461 50
430 35
484 70
527 108
369 11
351 7
325 3
312 2
551 141
580 203
590 236
592 243
594 265
595 278
165 565
148 556
169 567
194 579
132 544
106 524
87 506
86 505
216 586
244 593
256 595
277 598
300 599
48 458
30 424
22 407
66 484
76 495
15 386
16 390
4 339
3 332
2 318
1 300
431 567
462 550
427 569
408 578
484 534
364 591
346 595
378 587
395 582
322 598
555 452
543 473
572 422
531 487
508 511
576 414
586 386
595 340
598 323
598 318
157 39
132 54
181 27
195 21
128 57
90 88
232 10
214 15
248 6
255 5
279 2
300 1
45 148
66 115
28 178
82 96
8 238
7 243
5 256
466 53
495 74
458 48
430 32
523 103
379 13
400 19
364 9
412 24
355 7
331 3
319 2
565 164
579 194
542 127
593 242
596 261
598 282
147 558
78 99
358 594
425 572
469 547
585 393
423 27
195 19
440 35
577 185