276 1
266 2
258 3
246 5
236 7
216 12
195 19
185 23
178 26
154 38
147 42
142 45
127 55
120 60
110 68
104 73
95 81
81 95
73 104
68 110
60 120
55 127
45 142
42 147
38 154
26 178
23 185
19 195
12 216
7 236
5 246
3 258
2 266
1 276
0 300
1 324
2 334
3 342
5 354
7 364
12 384
19 405
23 415
26 422
38 446
42 453
45 458
55 473
60 480
68 490
73 496
81 505
95 519
104 527
110 532
120 540
127 545
142 555
147 558
154 562
178 574
185 577
195 581
216 588
236 593
246 595
258 597
266 598
276 599
300 600
324 599
334 598
342 597
354 595
364 593
384 588
405 581
415 577
422 574
446 562
453 558
458 555
473 545
480 540
490 532
496 527
505 519
519 505
527 496
532 490
540 480
545 473
555 458
558 453
562 446
574 422
577 415
581 405
588 384
593 364
595 354
597 342
598 334
599 324
599 276
598 266
597 258
595 246
593 236
588 216
581 195
577 185
574 178
562 154
558 147
555 142
545 127
540 120
532 110
527 104
519 95
505 81
496 73
490 68
480 60
473 55
458 45
453 42
446 38
422 26
415 23
405 19
384 12
364 7
354 5
342 3
334 2
324 1
300 0