0 300
1 276
2 266
3 258
4 252
5 246
6 241
7 236
10 224
12 216
19 195
21 190
23 185
26 178
34 162
38 154
42 147
45 142
53 130
55 127
60 120
64 115
68 110
73 104
81 95
83 93
87 89
88 88
94 82
95 81
104 73
110 68
115 64
120 60
127 55
130 53
133 51
142 45
147 42
154 38
156 37
170 30
174 28
176 27
178 26
185 23
195 19
210 14
216 12
224 10
232 8
236 7
246 5
252 4
258 3
266 2
276 1
300 0
324 1
334 2
342 3
348 4
354 5
359 6
364 7
368 8
384 12
396 16
402 18
405 19
410 21
415 23
422 26
446 38
453 42
458 45
467 51
473 55
480 60
490 68
496 73
505 81
518 94
519 95
527 104
532 110
536 115
540 120
545 127
555 142
558 147
562 154
569 168
573 176
574 178
577 185
581 195
587 213
588 216
589 220
590 224
593 236
595 246
596 252
597 258
598 266
599 276
599 324
598 334
597 342
595 354
593 364
592 368
588 384
584 396
583 399
582 402
581 405
579 410
577 415
574 422
566 438
563 444
562 446
558 453
555 458
549 467
547 470
545 473
540 480
536 485
532 490
527 496
519 505
518 506
505 519
496 527
490 532
480 540
473 545
464 551
461 553
458 555
453 558
446 562
424 573
422 574
415 577
405 581
396 584
387 587
384 588
376 590
368 592
364 593
354 595
342 597
334 598
324 599
300 600
276 599
266 598
258 597
246 595
241 594
236 593
216 588
213 587
195 581
185 577
178 574
166 568
162 566
154 562
147 558
142 555
127 545
120 540
110 532
104 527
95 519
81 505
73 496
68 490
60 480
55 473
51 467
47 461
45 458
42 453
38 446
32 434
28 426
27 424
26 422
23 415
21 410
19 405
18 402
17 399
14 390
12 384
11 380
9 372
7 364
6 359
5 354
3 342
2 334
1 324