0 300
1 276
2 266
3 258
4 252
5 246
6 241
7 236
8 232
12 216
17 201
18 198
19 195
23 185
26 178
38 154
42 147
45 142
49 136
53 130
55 127
60 120
68 110
73 104
81 95
85 91
86 90
90 86
92 84
95 81
104 73
110 68
120 60
127 55
133 51
142 45
147 42
154 38
178 26
185 23
195 19
198 18
204 16
207 15
210 14
213 13
216 12
236 7
246 5
252 4
258 3
266 2
276 1
300 0
324 1
334 2
342 3
348 4
354 5
359 6
364 7
380 11
384 12
387 13
393 15
399 17
402 18
405 19
410 21
415 23
422 26
432 31
442 36
446 38
453 42
458 45
464 49
470 53
473 55
480 60
485 64
490 68
496 73
505 81
510 86
511 87
519 95
527 104
532 110
540 120
545 127
551 136
555 142
558 147
562 154
572 174
573 176
574 178
577 185
579 190
581 195
587 213
588 216
592 232
593 236
594 241
595 246
596 252
597 258
598 266
599 276
599 324
598 334
597 342
595 354
593 364
592 368
591 372
590 376
588 384
587 387
582 402
581 405
577 415
574 422
569 432
568 434
563 444
562 446
558 453
555 458
547 470
545 473
540 480
532 490
527 496
519 505
507 517
506 518
505 519
496 527
490 532
485 536
480 540
473 545
464 551
461 553
458 555
453 558
446 562
434 568
428 571
424 573
422 574
415 577
405 581
387 587
384 588
380 589
364 593
354 595
348 596
342 597
334 598
324 599
300 600
276 599
266 598
258 597
246 595
241 594
236 593
220 589
216 588
195 581
185 577
178 574
172 571
158 564
154 562
147 558
142 555
133 549
127 545
120 540
110 532
104 527
95 519
91 515
84 508
81 505
73 496
68 490
64 485
60 480
55 473
45 458
42 453
38 446
34 438
27 424
26 422
23 415
19 405
15 393
14 390
13 387
12 384
7 364
6 359
5 354
4 348
3 342
2 334
1 324