0 300
1 276
2 266
3 258
5 246
7 236
12 216
19 195
23 185
26 178
38 154
42 147
45 142
55 127
60 120
68 110
73 104
81 95
95 81
104 73
110 68
120 60
127 55
142 45
147 42
154 38
178 26
185 23
195 19
216 12
236 7
246 5
258 3
266 2
276 1
300 0
324 1
334 2
342 3
354 5
364 7
384 12
405 19
415 23
422 26
446 38
453 42
458 45
473 55
480 60
490 68
496 73
505 81
519 95
527 104
532 110
540 120
545 127
555 142
558 147
562 154
574 178
577 185
581 195
588 216
593 236
595 246
597 258
598 266
599 276
599 324
598 334
597 342
595 354
593 364
588 384
581 405
577 415
574 422
562 446
558 453
555 458
545 473
540 480
532 490
527 496
519 505
505 519
496 527
490 532
480 540
473 545
458 555
453 558
446 562
422 574
415 577
405 581
384 588
364 593
354 595
342 597
334 598
324 599
300 600
276 599
266 598
258 597
246 595
236 593
216 588
195 581
185 577
178 574
154 562
147 558
142 555
127 545
120 540
110 532
104 527
95 519
81 505
73 496
68 490
60 480
55 473
45 458
42 453
38 446
26 422
23 415
19 405
12 384
7 364
5 354
3 342
2 334
1 324
0 300