279 2
255 5
248 6
232 10
214 15
195 21
181 27
157 39
132 54
128 57
90 88
82 96
66 115
45 148
28 178
8 238
7 243
5 256
1 300
2 318
3 332
4 339
15 386
16 390
22 407
30 424
40 445
48 458
66 484
76 495
87 506
106 524
132 544
148 556
165 565
169 567
194 579
216 586
244 593
256 595
277 598
300 599
322 598
346 595
364 591
378 587
395 582
408 578
427 569
431 567
462 550
484 534
508 511
531 487
543 473
555 452
572 422
576 414
586 386
595 340
598 323
598 282
596 261
593 242
579 194
565 164
542 127
523 103
495 74
466 53
458 48
430 32
412 24
400 19
379 13
364 9
355 7
331 3
319 2
300 1